//source,x,y,destination,x,y

//Region 0

//New Warp spell with formatting and titles
// Yi Bok Yen Village Map 1 Start
173, 34, 0, 579, 9, 34
173, 35, 0, 579, 10, 34
173, 36, 0, 579, 11, 34
173, 37, 0, 579, 12, 34
173, 38, 0, 579, 13, 34
// Frozen Foothills Map 2 Start
579, 9, 35, 173, 34, 1
579, 10, 35, 173, 35, 1
579, 11, 35, 173, 36, 1
579, 12, 35, 173, 37, 1
579, 13, 35, 173, 38, 1
// Frozen Foothills Map 1 Start
579, 19, 0, 580, 20, 74
579, 20, 0, 580, 21, 74
579, 21, 0, 580, 22, 74
// Frozen Foothills Map 2 Start
580, 20, 75, 579, 19, 1
580, 21, 75, 579, 20, 1
580, 22, 75, 579, 21, 1
// Frozen Foothills Map 1 Start
580, 18, 3, 581, 11, 32
580, 19, 3, 581, 12, 32
// Frozen Palace Map 2 Start
581, 11, 33, 580, 18, 4
581, 12, 33, 580, 19, 4
// Frozen Palace Map 1 Start
581, 23, 18, 582, 1, 10
581, 23, 19, 582, 1, 11
581, 23, 20, 582, 1, 12
// Frozen Palace Map 2 Start
582, 0, 10, 581, 22, 18
582, 0, 11, 581, 22, 19
582, 0, 12, 581, 22, 20
// Frozen Palace Map 1 Start
582, 18, 27, 583, 8, 1
582, 19, 27, 583, 9, 1
582, 20, 27, 583, 10, 1
582, 21, 27, 583, 11, 1
// Frozen Palace Map 2 Start
583, 8, 0, 582, 18, 26
583, 9, 0, 582, 19, 26
583, 10, 0, 582, 20, 26
583, 11, 0, 582, 21, 26
// Frozen Palace Map 1 Start
583, 8, 44, 584, 18, 3
583, 9, 44, 584, 19, 3
583, 10, 44, 584, 20, 3
583, 11, 44, 584, 21, 3
// Frozen Palace Map 2 Start
584, 18, 2, 583, 8, 43
584, 19, 2, 583, 9, 43
584, 20, 2, 583, 10, 43
584, 21, 2, 583, 11, 43
// Frozen Palace Map 1 Start
581, 0, 18, 585, 38, 9
581, 0, 19, 585, 38, 10
581, 0, 20, 585, 38, 11
// Frozen Palace Map 2 Start
585, 39, 9, 581, 1, 18
585, 39, 10, 581, 1, 19
585, 39, 11, 581, 1, 20
// Frozen Palace Map 1 Start
585, 10, 4, 586, 8, 23
585, 11, 4, 586, 9, 23
585, 12, 4, 586, 10, 23
585, 13, 4, 586, 11, 23
585, 14, 4, 586, 12, 23
// Frozen Palace Map 2 Start
586, 8, 24, 585, 10, 5
586, 9, 24, 585, 11, 5
586, 10, 24, 585, 12, 5
586, 11, 24, 585, 13, 5
586, 12, 24, 585, 14, 5
// Frozen Palace Map 1 Start
586, 8, 0, 587, 12, 38
586, 9, 0, 587, 13, 38
586, 10, 0, 587, 14, 38
586, 11, 0, 587, 15, 38
586, 12, 0, 587, 16, 38
// Frozen Palace Map 2 Start
587, 12, 39, 586, 8, 1
587, 13, 39, 586, 9, 1
587, 14, 39, 586, 10, 1
587, 15, 39, 586, 11, 1
587, 16, 39, 586, 12, 1

//Yi Bok inn
// Yi Bok Yen Village Map 1 Start
173, 29, 13, 588, 3, 16
173, 30, 13, 588, 4, 16
173, 31, 13, 588, 5, 16
// Yi Bok Yen Inn Map 2 Start
588, 3, 17, 173, 29, 14
588, 4, 17, 173, 30, 14
588, 5, 17, 173, 31, 14
// Yi Bok Yen Inn Map 1 Start
588, 33, 17, 173, 41, 14
588, 34, 17, 173, 42, 14
588, 35, 17, 173, 43, 14
// Yi Bok Yen Village Map 2 Start
173, 41, 13, 588, 33, 16
173, 42, 13, 588, 34, 16
173, 43, 13, 588, 35, 16
// Yi Bok Yen Inn Map 1 Start
588, 21, 0, 173, 29, 9
588, 22, 0, 173, 30, 9
588, 23, 0, 173, 31, 9
// Yi Bok Yen Village Map 2 Start
173, 29, 10, 588, 21, 1
173, 30, 10, 588, 22, 1
173, 31, 10, 588, 23, 1
// The Sky Palace Map 1 Start
254, 7, 4, 255, 26, 29
254, 8, 4, 255, 27, 29
// The Sky Palace Map 2 Start
255, 26, 30, 254, 7, 5
255, 27, 30, 254, 8, 5
// The Sky Palace Map 1 Start
255, 26, 3, 256, 14, 27
255, 27, 3, 256, 15, 27
// The Sky Palace Map 2 Start
256, 14, 28, 255, 26, 4
256, 15, 28, 255, 27, 4
//Sky Palace Maps
// The Sky Palace Map 1 Start
252, 4, 3, 253, 4, 32
252, 5, 3, 253, 5, 32
// The Sky Palace Map 2 Start
253, 4, 33, 252, 4, 4
253, 5, 33, 252, 5, 4
// The Sky Palace Map 1 Start
253, 5, 3, 254, 26, 13
253, 6, 3, 254, 27, 13
// The Sky Palace Map 2 Start
254, 26, 14, 253, 5, 4
254, 27, 14, 253, 6, 4

//Right wing Sky palace
// The Sky Palace Map 1 Start
252, 24, 3, 257, 3, 17
252, 25, 3, 257, 4, 17
// The Sky Palace Map 2 Start
257, 3, 18, 252, 24, 4
257, 4, 18, 252, 25, 4
// The Sky Palace Map 1 Start
257, 35, 3, 258, 19, 32
257, 36, 3, 258, 20, 32
// The Sky Palace Map 2 Start
258, 19, 33, 257, 35, 4
258, 20, 33, 257, 36, 4
// The Sky Palace Map 1 Start
258, 5, 3, 259, 8, 22
258, 6, 3, 259, 9, 22
// The Sky Palace Map 2 Start
259, 8, 23, 258, 5, 4
259, 9, 23, 258, 6, 4
// The Sky Palace Map 1 Start
259, 3, 3, 260, 12, 31
259, 4, 3, 260, 13, 31
259, 12, 3, 260, 20, 31
259, 13, 3, 260, 21, 31
// The Sky Palace Map 2 Start
260, 12, 32, 259, 3, 4
260, 13, 32, 259, 4, 4
260, 20, 32, 259, 12, 4
260, 21, 32, 259, 13, 4
//Quest room
// The Sky Palace Map 1 Start
261, 12, 3, 255, 8, 32
261, 13, 3, 255, 9, 32
// The Sky Palace Map 2 Start
255, 8, 33, 261, 12, 4
255, 9, 33, 261, 13, 4


//New Warp Test Spell (PALACE)
30, 34, 9, 177, 9, 22
30, 35, 9, 177, 10, 22
177, 9, 23, 30, 34, 10
177, 10, 23, 30, 35, 10

//North Pinyan to rivers
10, 49, 0, 164, 15, 36
10, 50, 0, 164, 16, 36
10, 51, 0, 164, 17, 36
10, 52, 0, 164, 18, 36
10, 53, 0, 164, 19, 36
164, 15, 37, 10, 49, 1
164, 16, 37, 10, 50, 1
164, 17, 37, 10, 51, 1
164, 18, 37, 10, 52, 1
164, 19, 37, 10, 53, 1

//Rivers to silkforest
164, 39, 5, 163, 1, 74
164, 39, 6, 163, 1, 75
164, 39, 7, 163, 1, 76
163, 0, 74, 164, 38, 5
163, 0, 75, 164, 38, 6
163, 0, 76, 164, 38, 7

//Two rivers to mountainpass
165, 4, 16, 164, 18, 1
165, 5, 16, 164, 19, 1
165, 6, 16, 164, 20, 1
165, 7, 16, 164, 21, 1
165, 8, 16, 164, 22, 1
165, 9, 16, 164, 23, 1
164, 18, 0, 165, 4, 15
164, 19, 0, 165, 5, 15
164, 20, 0, 165, 6, 15
164, 21, 0, 165, 7, 15
164, 22, 0, 165, 8, 15
164, 23, 0, 165, 9, 15

//Mountain Pass 1-2
165, 4, 0, 166, 8, 48
165, 5, 0, 166, 9, 48
165, 6, 0, 166, 10, 48
165, 7, 0, 166, 11, 48
166, 8, 49, 165, 4, 1
166, 9, 49, 165, 5, 1
166, 10, 49, 165, 6, 1
166, 11, 49, 165, 7, 1

//Mountain Pass 2-3
166, 20, 5, 167, 1, 14
166, 20, 6, 167, 1, 15
166, 20, 7, 167, 1, 16
166, 20, 8, 167, 1, 17
167, 0, 14, 166, 19, 5
167, 0, 15, 166, 19, 6
167, 0, 16, 166, 19, 7
167, 0, 17, 166, 19, 8

//Mountain Pass 3-4
167, 42, 20, 168, 3, 1
167, 43, 20, 168, 4, 1
168, 3, 0, 167, 42, 19
168, 4, 0, 167, 43, 19

//Mountain Pass 4-5
168, 0, 34, 169, 19, 28
168, 0, 35, 169, 19, 29
168, 0, 36, 169, 19, 30
169, 20, 28, 168, 1, 34
169, 20, 29, 168, 1, 35
169, 20, 30, 168, 1, 36

//Mountain Pass 5-6
169, 0, 34, 170, 15, 33
169, 0, 35, 170, 15, 34
169, 0, 36, 170, 15, 35
169, 0, 37, 170, 15, 36
170, 16, 33, 169, 1, 34
170, 16, 34, 169, 1, 35
170, 16, 35, 169, 1, 36
170, 16, 36, 169, 1, 37

//Mountain pass 6-7backtoprev room
170, 11, 0, 167, 22, 19
170, 12, 0, 167, 23, 19
167, 22, 20, 170, 11, 1
167, 23, 20, 170, 12, 1

//Mountain Pass into cave
167, 22, 8, 171, 7, 25
167, 23, 8, 171, 8, 25
167, 24, 8, 171, 9, 25
171, 7, 26, 167, 22, 9
171, 8, 26, 167, 23, 9
171, 9, 26, 167, 24, 9

//Mountain Pass out to artic
171, 7, 0, 172, 14, 21
171, 8, 0, 172, 15, 21
171, 9, 0, 172, 16, 21
172, 14, 22, 171, 7, 1
172, 15, 22, 171, 8, 1
172, 16, 22, 171, 9, 1
//To artic village
172, 4, 0, 173, 32, 88
172, 5, 0, 173, 33, 88
172, 6, 0, 173, 34, 88
172, 7, 0, 173, 35, 88
172, 8, 0, 173, 36, 88
173, 32, 89, 172, 4, 1
173, 33, 89, 172, 5, 1
173, 34, 89, 172, 6, 1
173, 35, 89, 172, 7, 1
173, 36, 89, 172, 8, 1



//Event
//event
200,	60,	111,	201,	19,	27
200,	61,	111,	201,	20,	27
200,	62,	111,	201,	21,	27
200,	63,	111,	201,	22,	27
//event
201,	19,	28,	200,	60,	112
201,	20,	28,	200,	61,	112
201,	21,	28,	200,	62,	112
201,	22,	28,	200,	63,	112

201,	19,	0,	202,	8,	28
201,	20,	0,	202,	9,	28
201,	21,	0,	202,	10,	28
201,	22,	0,	202,	11,	28
//event
202,	8,	29,	201,	19,	1
202,	9,	29,	201,	20,	1
202,	10,	29,	201,	21,	1
202,	11,	29,	201,	22,	1

//GM
//Dreamweaver
0,	5,	9,	5000,	7,	13
0,	6,	9,	5000,	9,	13
//Dreamweaver storage room
5000,	7,	14,	0,	5,	10
5000,	8,	14,	0,	5,	10
5000,	9,	14,	0,	6,	10

0,	15,	9,	1000,	7,	12
0,	16,	9,	1000,	8,	12
//Dreamweaver office
1000,	7,	13,	0,	15,	10
1000,	8,	13,	0,	16,	10

0,	3,	2,	1001,	25,	13
0,	4,	2,	1001,	25,	13
//Dreamweaver office
1001,	25,	14,	0,	3,	3

//Subpath go outside circle, inside is located in login_map_tile
//To get to Knight's Circle, Go:
//To head outside, Go:
2006,	8,	19,	15,	104,	110
2006,	9,	19,	15,	104,	110
2006,	10,	19,	15,	105,	110
2006,	11,	19,	15,	105,	110
//To get to Gladiator's Circle, Go:
//To head outside, Go:
2007,	8,	19,	82,	18,	6
2007,	9,	19,	82,	19,	6
//To get to Shadow's Circle, Go:
//To head outside: Go:
2008,	8,	19,	37,	4,	52
2008,	9,	19,	37,	4,	52
2008,	10,	19,	37,	4,	52
2008,	11,	19,	37,	4,	52
//To get to Archer's Circle, Go:
//To head outside, Go:
2009,	4,	19,	74,	9,	64
2009,	5,	19,	74,	9,	64
//To get to Elementalist's Circle, Go:
//To head outside, Go:
2010,	8,	19,	74,	92,	66
2010,	9,	19,	74,	92,	66
2010,	10,	19,	74,	93,	66
//To get to Seer's Circle, Go:
//To head outside, Go:
2011,	8,	19,	15,	85,	108
2011,	9,	19,	15,	85,	108
2011,	10,	19,	15,	86,	108
2011,	11,	19,	15,	86,	108
//To head to Druid's circle, Go:
//To head outside, Go:
2012,	8,	19,	74,	54,	102
2012,	9,	19,	74,	54,	102
2012,	10,	19,	74,	55,	102
//To head to Bard's Circle, Go:
//To go outside, Go:
2013,	7,	19,	82,	66,	67
2013,	8,	19,	82,	66,	67
2013,	9,	19,	82,	66,	67
2013,	10,	19,	82,	67,	67
2013,	11,	19,	82,	67,	67
2013,	12,	19,	82,	67,	67

// //Tutorial
//Pinyan Shore > Gihan's House
1,	35,	13,	2,	7,	11
1,	36,	13,	2,	8,	11
//Gihan's House > Pinyan Shore
2,	7,	12,	1,	35,	14
2,	8,	12,	1,	36,	14
//Pinyan Shore > Cavern/Cave
1,	61,	6,	3,	16,	18
1,	62,	6,	3,	17,	18
1,	63,	6,	3,	18,	18
//Cavern > Shore Reverse
3,	16,	19,	1,	61,	7
3,	17,	19,	1,	62,	7
3,	18,	19,	1,	63,	7
//Cavern 1st room > Cavern 2nd ROom
3,	9,	0,	4,	8,	18
3,	10,	0,	4,	9,	18
//Cavern 2nd room > Cavern 1st room
4,	8,	19,	3,	9,	1
4,	9,	19,	3,	10,	1
4,	10,	19,	3,	10,	1

//Northern Pinyan to Path
1,	23,	52,	5,	11,	1
1,	24,	52,	5,	12,	1
1,	25,	52,	5,	13,	1
1,	26,	52,	5,	14,	1
//Back again	
5,	11,	0,	1,	23,	51
5,	12,	0,	1,	24,	51
5,	13,	0,	1,	25,	51
5,	14,	0,	1,	26,	51

//Path to Pinyan to Imperial Village
5,	29,	22,	10,	1,	40
5,	29,	23,	10,	1,	41
5,	29,	24,	10,	1,	42
//Back again	
10,	0,	40,	5,	28,	22
10,	0,	41,	5,	28,	23
10,	0,	42,	5,	28,	24
//Into the Path Temple
10,	15,	14,	7,	13,	17
10,	16,	14,	7,	14,	17
10,	17,	14,	7,	15,	17
//Out of path temple	
7,	13,	18,	10,	15,	15
7,	14,	18,	10,	16,	15
7,	15,	18,	10,	17,	15

//Pinyan Village to Imperial City	
10,	51,	49,	15,	59,	1
10,	52,	49,	15,	59,	1
10,	53,	49,	15,	60,	1
//City to Village
15,	58,	0,	10,	51,	48
15,	59,	0,	10,	51,	48
15,	60,	0,	10,	52,	48
15,	61,	0,	10,	53,	48
//Warrior temple (imperial city)
15,	15,	14,	16,	10,	27
15,	16,	14,	16,	11,	27
//Warr temp go back to city
16,	10,	28,	15,	15,	16
16,	11,	28,	15,	16,	16
//poet temple (imperial city)
15,	118,	74,	19,	10,	27
15,	119,	74,	19,	11,	27
//poet temp go back to city
19,	10,	28,	15,	118,	75
19,	11,	28,	15,	119,	75
//mage temple (imperial city)
15,	125,	19,	18,	5,	27
15,	126,	19,	18,	6,	27
//mage temp go back to city
18,	5,	28,	15,	125,	21
18,	6,	28,	15,	126,	21
//rogue temple (imperial city)
15,	29,	69,	17,	5,	27
15,	30,	69,	17,	6,	27
//rogue temp go back to city
17,	5,	28,	15,	29,	71
17,	6,	28,	15,	29,	71

//east shaman
15,	121,	50,	20,	7,	12
15,	122,	50,	20,	8,	12
//OUT
20,	7,	13,	15,	121,	51
20,	8,	13,	15,	122,	51

//west shaman crypt
15,	9,	115,	22,	5,	2
//OUT
22,	5,	1,	15,	10,	115
22,	4,	1,	15,	10,	115

//Pinyan Seamstress
10,	41,	33,	23,	7,	12
10,	42,	33,	23,	8,	12
//OUT
23,	7,	13,	10,	41,	34
23,	8,	13,	10,	42,	34
//Pinyan Smith
10,	57,	25,	24,	7,	12
10,	58,	25,	24,	8,	12
//OUT
24,	7,	13,	10,	57,	26
24,	8,	13,	10,	58,	26
//Pinyan Inn door1
10,	55,	33,	25,	4,	13
10,	56,	33,	25,	5,	13
//OUT
25,	4,	14,	10,	55,	34
25,	5,	14,	10,	56,	34
//Pinyan Inn door2
10,	58,	33,	25,	11,	13
10,	59,	33,	25,	12,	13
//OUT
25,	11,	14,	10,	58,	34
25,	12,	14,	10,	59,	34
//Pinyan alchemist
10,	43,	26,	32,	7,	12
10,	44,	26,	32,	8,	12
//OUT
32,	7,	13,	10,	43,	27
32,	8,	13,	10,	44,	27

//Eastern Pinyan Forest
10,	69,	38,	27,	1,	35
10,	69,	39,	27,	1,	36
10,	69,	40,	27,	1,	37
//OUT
27,	0,	35,	10,	68,	38
27,	0,	36,	10,	68,	39
27,	0,	37,	10,	68,	40

//Witches wail
27,	21,	10,	28,	1,	45
27,	21,	11,	28,	1,	46
27,	21,	12,	28,	1,	47
//OUT
28,	0,	45,	27,	20,	10
28,	0,	46,	27,	20,	11
28,	0,	47,	27,	20,	12

//Witches hut
28,	7,	8,	29,	8,	11
28,	8,	8,	29,	9,	11
//OUT
29,	8,	12,	28,	7,	9
29,	9,	12,	28,	8,	9

//Imperial Exp Sell
15,	40,	12,	70,	9,	22
15,	41,	12,	70,	10,	22
//event
70,	9,	23,	15,	40,	13
70,	10,	23,	15,	41,	13

// Han Woodworking Map 1 Start
179, 10, 13, 15, 115, 99
179, 11, 13, 15, 116, 99
// Imperial City of Han Map 2 Start
15, 115, 98, 179, 10, 12
15, 116, 98, 179, 11, 12

//Imperial Salon
//15,	80,	84,	26,	8,	11 old
//15,	81,	84,	26,	9,	11
15,	40,	81,	26,	8,	11
//OUT
26,	8,	12,	15,	40,	82
26,	9,	12,	15,	40,	82

//Han inn
15,	73,	54,	39,	6,	13
15,	74,	54,	39,	7,	13
15,	76,	54,	39,	12,	13
15,	77,	54,	39,	13,	13
//OUT
39,	6,	14,	15,	73,	55
39,	7,	14,	15,	74,	55
39,	12,	14,	15,	76,	55
39,	13,	14,	15,	77,	55

// Imperial City of Han Map 1 Start
15, 83, 116, 178, 15, 24
15, 84, 116, 178, 16, 24
15, 85, 116, 178, 16, 24
// Han Theatre Map 2 Start
178, 15, 25, 15, 83, 117
178, 16, 25, 15, 84, 117
178, 16, 25, 15, 85, 117

//Han alchemist
15,	90,	82,	40,	7,	12
15,	91,	82,	40,	8,	12
//OUT
40,	7,	13,	15,	90,	83
40,	8,	13,	15,	91,	83

//Han clothcraft
15,	66,	78,	44,	7,	12
15,	67,	78,	44,	8,	12
//OUT
44,	7,	13,	15,	66,	79
44,	8,	13,	15,	67,	79

//Han seamstress
15,	60,	74,	43,	4,	12
15,	61,	74,	43,	5,	12
//OUT
43,	4,	13,	15,	60,	75
43,	5,	13,	15,	61,	75

//Han smelting/mining
15,	88,	69,	42,	12,	12
15,	89,	69,	42,	13,	12
//OUT
42,	12,	13,	15,	88,	70
42,	13,	13,	15,	89,	70

//Han smith
15,	79,	67,	41,	7,	12
15,	80,	67,	41,	8,	12
//OUT
41,	7,	13,	15,	79,	68
41,	8,	13,	15,	80,	68

//Han messenger
15,	61,	54,	45,	10,	12
15,	62,	54,	45,	11,	12
//OUT
45,	10,	13,	15,	61,	55
45,	11,	13,	15,	62,	55

//Han Cooks
15,	92,	43,	46,	7,	12
15,	93,	43,	46,	8,	12
15,	98,	43,	46,	26,	12
15,	99,	43,	46,	27,	12
//OUT
46,	7,	13,	15,	92,	44
46,	8,	13,	15,	93,	44
46,	26,	13,	15,	98,	44
46,	27,	13,	15,	99,	44

//Imperial Palace
15,	60,	111,	30,	19,	27
15,	61,	111,	30,	20,	27
15,	62,	111,	30,	21,	27
15,	63,	111,	30,	22,	27
//OUT
30,	19,	28,	15,	60,	112
30,	20,	28,	15,	61,	112
30,	21,	28,	15,	62,	112
30,	22,	28,	15,	63,	112
//Palace to Barracks (clan)
30,	44,	17,	68,	4,	27
30,	45,	17,	68,	5,	27
68,	4,	28,	30,	44,	18
68,	5,	28,	30,	45,	18
//Palace to palace garden
30,	0,	24,	6,	21,	44
30,	0,	25,	6,	21,	45
30,	0,	26,	6,	21,	46
6,	22,	44,	30,	1,	24
6,	22,	45,	30,	1,	25
6,	22,	46,	30,	1,	26
//Palace garden Bridges
6,	10,	43,	6,	10,	36
6,	11,	43,	6,	11,	36
6,	12,	43,	6,	12,	36
6,	10,	37,	6,	10,	44
6,	11,	37,	6,	11,	44
6,	12,	37,	6,	12,	44
//
6,	10,	18,	6,	10,	11
6,	11,	18,	6,	11,	11
6,	12,	18,	6,	12,	11
6,	10,	12,	6,	10,	19
6,	11,	12,	6,	11,	19
6,	12,	12,	6,	12,	19
//Imperial Palace LibrarY
159,	20,	11,	15,	40,	119
159,	21,	11,	15,	41,	119
159,	22,	11,	15,	42,	119
159,	23,	11,	15,	43,	119
//BACK
15,	40,	118,	159,	20,	10
15,	41,	118,	159,	21,	10
15,	42,	118,	159,	22,	10
15,	43,	118,	159,	23,	10
//To Eng's Study
159,	38,	2,	160,	7,	12
159,	39,	2,	160,	8,	12
//BACK
160,	7,	13,	159,	38,	3
160,	8,	13,	159,	39,	3
//To Scholars's Study
159,	23,	2,	161,	12,	26
159,	24,	2,	161,	13,	26
//BACK
161,	12,	27,	159,	23,	3
161,	13,	27,	159,	24,	3

//To Throne ROom
30,	18,	0,	176,	12,	48
30,	19,	0,	176,	13,	48
30,	20,	0,	176,	14,	48
30,	21,	0,	176,	15,	48
30,	22,	0,	176,	16,	48
//BACK
176,	12,	49,	30,	18,	1
176,	13,	49,	30,	19,	1
176,	14,	49,	30,	20,	1
176,	15,	49,	30,	21,	1
176,	16,	49,	30,	22,	1

//Cherry Blossom Chapel (han)
15,	25,	43,	69,	9,	22
15,	26,	43,	69,	10,	22
//Out of chapel
69,	9,	23,	15,	25,	44
69,	10,	23,	15,	26,	44
//Cherry Blossom Chapel (han) to roof
69,	1,	7,	15,	22,	38
69,	18,	7,	15,	29,	38
//Out of chapel
15,	23,	38,	69,	2,	7
15,	28,	38,	69,	17,	7

//worship or shrines (han)
//poet
15,	120,	69,	266,	17,	17
15,	121,	69,	266,	18,	17
//Out of chapel
266,	17,	18,	15,	120,	70
266,	18,	18,	15,	121,	70
//mage
15,	116,	27,	265,	17,	17
15,	117,	27,	265,	18,	17
15,	118,	27,	265,	18,	17
//Out of chapel
265,	17,	18,	15,	116,	28
265,	18,	18,	15,	117,	28
//warrior
15,	21,	19,	263,	17,	17
15,	22,	19,	263,	18,	17
//Out of chapel
263,	17,	18,	15,	21,	20
263,	18,	18,	15,	22,	20
//rogue
15,	21,	66,	264,	17,	17
15,	22,	66,	264,	18,	17
//Out of chapel
264,	17,	18,	15,	21,	67
264,	18,	18,	15,	22,	67


//Han Storehouse
15,	109,	92,	174,	7,	12
15,	110,	92,	174,	8,	12
//OUT
174,	7,	13,	15,	109,	93
174,	8,	13,	15,	110,	93
175,	7,	13,	174,	10,	3
175,	8,	13,	174,	11,	3

//Imperial jousting
30,	3,	9,	162,	12,	28
30,	4,	9,	162,	13,	28
30,	5,	9,	162,	14,	28
//OUT
162,	12,	29,	30,	3,	10
162,	13,	29,	30,	4,	10
162,	14,	29,	30,	5,	10

//Palace basement
//30,	11,	11,	31,	5,	4
//30,	11,	12,	31,	5,	5
//30,	20,	11,	31,	22,	4
//30,	20,	12,	31,	22,	5
//OUT
//31,	6,	4,	30,	14,	12
//31,	6,	5,	30,	14,	12
//31,	21,	4,	30,	17,	12
//31,	21,	5,	30,	17,	12

// Imperial City of Han Map 1 Start
15, 43, 46, 85, 8, 12
15, 44, 46, 85, 9, 12
// Han River-market Map 2 Start
85, 8, 13, 15, 43, 47
85, 9, 13, 15, 44, 47

//Han Jail
15,	134,	106,	73,	14,	18
15,	135,	106,	73,	15,	18
//OUT
73,	14,	19,	15,	134,	107
73,	15,	19,	15,	135,	107

//Han Jail
30,	12,	2,	72,	7,	17
30,	13,	2,	72,	8,	17
//OUT
72,	7,	18,	30,	12,	3
72,	8,	18,	30,	13,	3

//Vogt Forest
15,	60,	144,	74,	42,	1
15,	61,	144,	74,	43,	1
15,	62,	144,	74,	44,	1
15,	63,	144,	74,	45,	1
//OUT
74,	42,	0,	15,	60,	143
74,	43,	0,	15,	61,	143
74,	44,	0,	15,	62,	143
74,	45,	0,	15,	63,	143
//Flora Cave
74,	79,	23,	101,	3,	28
74,	80,	23,	101,	4,	28
//OUT
101,	2,	29,	74,	79,	24
101,	3,	29,	74,	79,	24
101,	4,	29,	74,	79,	24
101,	5,	29,	74,	80,	24
101,	6,	29,	74,	80,	24
//Flora Cave rm1-2
101,	0,	12,	102,	28,	7
101,	0,	13,	102,	28,	8
101,	0,	14,	102,	28,	9
//OUT
102,	29,	7,	101,	1,	12
102,	29,	8,	101,	1,	13
102,	29,	9,	101,	1,	14
//Flora Cave rm2-3
102,	0,	28,	103,	38,	21
102,	0,	29,	103,	38,	22
102,	0,	30,	103,	38,	23
//OUT
103,	39,	21,	102,	1,	28
103,	39,	22,	102,	1,	29
103,	39,	23,	102,	1,	30
//Flora Cave rm2-4
102,	5,	39,	104,	10,	1
102,	6,	39,	104,	11,	1
102,	7,	39,	104,	12,	1
//OUT
104,	10,	0,	102,	5,	38
104,	11,	0,	102,	6,	38
104,	12,	0,	102,	7,	38
//Serpent Cave
//rm2-4
74,	57,	36,	111,	5,	25
//OUT
111,	5,	26,	74,	57,	37
//serpent rm1-2
111,	13,	1,	112,	7,	19
//OUT
112,	7,	20,	111,	13,	2
//serpent rm2-3
112,	2,	4,	113,	18,	17
//OUT
113,	18,	18,	112,	2,	5
//serpent rm3-4
113,	15,	1,	114,	2,	12
//OUT
114,	2,	13,	113,	15,	2
//serpent rm4-5
114,	2,	2,	115,	9,	4
//OUT
115,	9,	5,	114,	2,	3
//serpent rm5-6
115,	3,	10,	116,	19,	20
//OUT
116,	19,	21,	115,	3,	11
//serpent rm6-7
116,	28,	4,	117,	18,	17
//OUT
117,	18,	18,	116,	28,	5
//Serpent rm7-8
117,	13,	1,	118,	5,	17
//OUT
118,	5,	18,	117,	13,	2

//Boar Cave
15,	77,	24,	33,	24,	48
15,	78,	24,	33,	26,	48
//OUT
33,	24,	49,	15,	77,	25
33,	25,	49,	15,	77,	25
33,	26,	49,	15,	78,	25
Room2
33,	38,	1,	34,	4,	33
33,	39,	1,	34,	5,	33
//OUT
34,	4,	34,	33,	38,	2
34,	5,	34,	33,	39,	2
Room3
34,	16,	1,	35,	15,	30
34,	17,	1,	35,	16,	30
//OUT
35,	15,	31,	34,	16,	2
35,	16,	31,	34,	17,	2
Room4
35,	4,	1,	36,	16,	28
35,	5,	1,	36,	17,	28
//OUT
36,	16,	29,	35,	4,	2
36,	17,	29,	35,	5,	2


//Stone Arena
//15,	93,	24,	7000,	11,	15
//15,	94,	24,	7000,	12,	15
//OUT
//7000,	11,	16,	15,	93,	26
//7000,	12,	16,	15,	94,	26
//Stone Arena to Tower Battle
7000,	9,	2,	7007,	4,	12
7000,	10,	2,	7007,	5,	12
//OUT
7007,	4,	13,	7000,	9,	3
7007,	5,	13,	7000,	10,	3

//Stone Arena to Elixir war
7000,	13,	2,	7009,	11,	12
7000,	14,	2,	7009,	12,	12
//OUT
7009,	11,	13,	7000,	13,	3
7009,	12,	13,	7000,	14,	3

//Stone Arena to Carnage
7000,	5,	2,	7039,	11,	12
7000,	6,	2,	7039,	12,	12
//OUT
7039,	11,	13,	7000,	5,	3
7039,	12,	13,	7000,	6,	3

//Stone Arena
15,	93,	24,	7000,	11,	15
15,	94,	24,	7000,	12,	15
//OUT
7000,	11,	16,	15,	93,	26
7000,	12,	16,	15,	94,	26
//Stone arena to pit
7000,	23,	7,	400,	1,	7
7000,	23,	8,	400,	1,	8
7000,	23,	9,	400,	1,	9
//OUT
400,	0,	7,	7000,	22,	7
400,	0,	8,	7000,	22,	8
400,	0,	9,	7000,	22,	9

//Stone arena to bomb
7000,	0,	7,	7041,	18,	8
7000,	0,	8,	7041,	18,	9
7000,	0,	9,	7041,	18,	10
7000,	0,	10,	7041,	18,	11
//OUT
7041,	19,	8,	7000,	1,	7
7041,	19,	9,	7000,	1,	8
7041,	19,	10,	7000,	1,	9
7041,	19,	11,	7000,	1,	10

//Dor Nalan Wilds
15,	144,	44,	37,	1,	19
15,	144,	45,	37,	1,	20
15,	144,	46,	37,	1,	21
//OUT
37,	0,	19,	15,	143,	44
37,	0,	20,	15,	143,	45
37,	0,	21,	15,	143,	46

//Dor Nalan Wilds to kalbog forest
37,	12,	0,	47,	11,	43
37,	13,	0,	47,	12,	43
37,	14,	0,	47,	13,	43
37,	15,	0,	47,	14,	43
//OUT
47,	11,	44,	37,	12,	1
47,	12,	44,	37,	13,	1
47,	13,	44,	37,	14,	1
47,	14,	44,	37,	15,	1
//next map 2
47,	44,	42,	48,	1,	9
47,	44,	41,	48,	1,	8
47,	44,	40,	48,	1,	7
47,	44,	39,	48,	1,	6
//OUT
48,	0,	9,	47,	43,	42
48,	0,	8,	47,	43,	41
48,	0,	7,	47,	43,	40
48,	0,	6,	47,	43,	39
//next map 3
48,	29,	3,	49,	1,	5
48,	29,	4,	49,	1,	6
48,	29,	5,	49,	1,	7
48,	29,	6,	49,	1,	8
//OUT
49,	0,	5,	48,	28,	3
49,	0,	6,	48,	28,	4
49,	0,	7,	48,	28,	5
49,	0,	8,	48,	28,	6
//next map 4
49,	29,	5,	50,	1,	4
49,	29,	6,	50,	1,	5
49,	29,	7,	50,	1,	6
49,	29,	8,	50,	1,	7
//OUT
50,	0,	4,	49,	28,	5
50,	0,	5,	49,	28,	6
50,	0,	6,	49,	28,	7
50,	0,	7,	49,	28,	8
//next map 5
50,	0,	25,	49,	28,	21
50,	0,	26,	49,	28,	22
50,	0,	27,	49,	28,	23
//OUT
49,	29,	21,	50,	1,	25
49,	29,	22,	50,	1,	26
49,	29,	23,	50,	1,	27
//next quest map
49,	6,	29,	67,	7,	1
49,	7,	29,	67,	8,	1
49,	8,	29,	67,	9,	1
//OUT
67,	7,	0,	49,	6,	28
67,	8,	0,	49,	7,	28
67,	9,	0,	49,	8,	28
//next monument
67,	8,	14,	51,	10,	1
67,	9,	14,	51,	11,	1
67,	10,	14,	51,	12,	1
//OUT
51,	10,	0,	67,	8,	13
51,	11,	0,	67,	9,	13
51,	12,	0,	67,	10,	13

//Kalbog Pass to Ogres
47,	32,	0,	132,	14,	28
47,	33,	0,	132,	15,	28
47,	34,	0,	132,	16,	28
47,	35,	0,	132,	17,	28
47,	36,	0,	132,	18,	28
47,	37,	0,	132,	19,	28
//back
132,	14,	29,	47,	32,	1
132,	15,	29,	47,	33,	1
132,	16,	29,	47,	34,	1
132,	17,	29,	47,	35,	1
132,	18,	29,	47,	36,	1
132,	19,	29,	47,	37,	1
//Ogres 1-2
132,	17,	11,	133,	41,	40
//back
133,	41,	41,	132,	17,	12
//Ogres 2-3
133,	4,	5,	134,	23,	38
//back
134,	23,	39,	133,	4,	6
//Ogres 3-4
134,	25,	5,	135,	41,	53
//back
135,	41,	54,	134,	25,	6
//Ogres 4-5
135,	7,	5,	136,	5,	35
//back
136,	5,	36,	135,	7,	6
//Ogres 5-6
136,	40,	7,	137,	6,	41
//back
137,	6,	42,	136,	40,	8



//Kalbog Pass to Du Jan
47,	0,	7,	65,	28,	24
47,	0,	8,	65,	28,	25
47,	0,	9,	65,	28,	26
//back
65,	29,	24,	47,	1,	7
65,	29,	25,	47,	1,	8
65,	29,	26,	47,	1,	9
//To village
65,	13,	0,	66,	64,	48
65,	14,	0,	66,	65,	48
65,	15,	0,	66,	66,	48
65,	16,	0,	66,	67,	48
//back
66,	64,	49,	65,	13,	1
66,	65,	49,	65,	14,	1
66,	66,	49,	65,	15,	1
66,	67,	49,	65,	16,	1
//Di Zjan House
66,	64,	11,	76,	7,	11
66,	65,	11,	76,	8,	11
76,	7,	12,	66,	64,	12
76,	8,	12,	66,	65,	12
//THE VOLCANO
66,	23,	0,	517,	31,	98
66,	24,	0,	517,	32,	98
66,	25,	0,	517,	33,	98
66,	26,	0,	517,	34,	98
517,	31,	99,	66,	23,	1
517,	32,	99,	66,	24,	1
517,	33,	99,	66,	25,	1
517,	34,	99,	66,	26,	1


//Dor Nalan Wilds to Mud wastes
37,	62,	37,	52,	45,	48
37,	63,	37,	52,	46,	48
37,	64,	37,	52,	47,	48
//OUT
52,	45,	49,	37,	62,	38
52,	46,	49,	37,	63,	38
52,	47,	49,	37,	64,	38
//next map 2
52,	36,	11,	53,	31,	23
52,	37,	11,	53,	32,	23
//OUT
53,	31,	24,	52,	36,	12
53,	32,	24,	52,	37,	12
//next map 3
52,	19,	13,	54,	8,	23
52,	20,	13,	54,	9,	23
//OUT
54,	8,	24,	52,	19,	14
54,	9,	24,	52,	20,	14
//next map 4
52,	0,	12,	55,	23,	36
52,	0,	13,	55,	23,	37
52,	0,	14,	55,	23,	38
//OUT
55,	24,	36,	52,	1,	12
55,	24,	37,	52,	1,	13
55,	24,	38,	52,	1,	14


//Dor Nalan Wilds to Dor Sun Temple
37,	36,	9,	61,	24,	28
//OUT
61,	23,	29,	37,	36,	10
61,	24,	29,	37,	36,	10
61,	25,	29,	37,	36,	10
//Level 2
61,	37,	14,	62,	37,	14
61,	38,	14,	62,	38,	14
61,	39,	14,	62,	39,	14
//Backdown
62,	37,	15,	61,	37,	15
62,	38,	15,	61,	38,	15
62,	39,	15,	61,	39,	15
//Level 3
62,	7,	17,	63,	7,	17
62,	8,	17,	63,	8,	17
62,	9,	17,	63,	9,	17
//back down
63,	7,	18,	62,	7,	18
63,	8,	18,	62,	8,	18
63,	9,	18,	62,	9,	18
//Suntemple Hall In
37,	56,	13,	64,	24,	67
//Suntemple Hall out
64,	23,	68,	37,	56,	14
64,	24,	68,	37,	56,	14
64,	25,	68,	37,	56,	14
//To the Hive
37,	99,	51,	126,	16,	26
//back out
126,	16,	27,	37,	99,	52
//Hive rm1-2
126,	14,	3,	127,	3,	5
//back out
127,	3,	4,	126,	14,	2
//Hive rm2-3
127,	17,	5,	128,	13,	8
//back out
128,	13,	9,	127,	17,	6
//Hive rm3-4
128,	16,	21,	129,	17,	23
//back out
129,	17,	24,	128,	16,	22
//Hive rm4-5
129,	5,	3,	130,	8,	4
//back out
130,	8,	5,	129,	5,	4

//To the Ship Halvung
38,	55,	11,	131,	1,	12
38,	55,	12,	131,	1,	13
38,	55,	13,	131,	1,	14
38,	55,	14,	131,	1,	15
//back to the shore
131,	0,	12,	38,	54,	11
131,	0,	13,	38,	54,	12
131,	0,	14,	38,	54,	13
131,	0,	15,	38,	54,	14
// Halvung Shore Map 1 Start
38, 15, 49, 272, 31, 1
38, 16, 49, 272, 32, 1
38, 17, 49, 272, 33, 1
38, 18, 49, 272, 34, 1
// Savage Shoreline Map 2 Start
272, 31, 0, 38, 15, 48
272, 32, 0, 38, 16, 48
272, 33, 0, 38, 17, 48
272, 34, 0, 38, 18, 48



//To western Seong Lowlands
15,	0,	84,	77,	73,	30
15,	0,	85,	77,	73,	31
15,	0,	86,	77,	73,	32
15,	0,	87,	77,	73,	33
15,	0,	88,	77,	73,	34
//back
77,	74,	30,	15,	1,	84
77,	74,	31,	15,	1,	85
77,	74,	32,	15,	1,	86
77,	74,	33,	15,	1,	87
77,	74,	34,	15,	1,	88

//To western Seong Lowlands
77,	44,	0,	82,	51,	73
77,	45,	0,	82,	52,	73
77,	46,	0,	82,	53,	73
77,	47,	0,	82,	54,	73
77,	48,	0,	82,	55,	73
77,	49,	0,	82,	56,	73
//back
82,	51,	74,	77,	44,	1
82,	52,	74,	77,	45,	1
82,	53,	74,	77,	46,	1
82,	54,	74,	77,	47,	1
82,	55,	74,	77,	48,	1
82,	56,	74,	77,	49,	1

// Northern Seong Range Map 1 Start
83, 31, 19, 82, 12, 1
83, 32, 19, 82, 13, 1
// Northern Seong Range Map 2 Start
82, 12, 0, 83, 31, 18
82, 13, 0, 83, 32, 18
// Northern Seong Range Map 1 Start
83, 5, 19, 84, 8, 1
83, 6, 19, 84, 9, 1
// Seong Pass Map 2 Start
84, 8, 0, 83, 5, 18
84, 9, 0, 83, 6, 18
// Seong Pass Map 1 Start
84, 5, 39, 77, 11, 1
84, 6, 39, 77, 12, 1
84, 7, 39, 77, 13, 1
84, 8, 39, 77, 14, 1
84, 9, 39, 77, 15, 1
84, 10, 39, 77, 16, 1
84, 11, 39, 77, 17, 1
84, 12, 39, 77, 18, 1
84, 13, 39, 77, 19, 1
84, 14, 39, 77, 20, 1
84, 15, 39, 77, 21, 1
84, 16, 39, 77, 22, 1
// Seong Lowlands Map 2 Start
77, 11, 0, 84, 5, 38
77, 12, 0, 84, 6, 38
77, 13, 0, 84, 7, 38
77, 14, 0, 84, 8, 38
77, 15, 0, 84, 9, 38
77, 16, 0, 84, 10, 38
77, 17, 0, 84, 11, 38
77, 18, 0, 84, 12, 38
77, 19, 0, 84, 13, 38
77, 20, 0, 84, 14, 38
77, 21, 0, 84, 15, 38
77, 22, 0, 84, 16, 38


//To Tanzar Walls / tiger cave
77,	44,	65,	105,	16,	33
77,	45,	65,	105,	17,	33
77,	46,	65,	105,	18,	33
//back
105,	16,	34,	77,	44,	66
105,	17,	34,	77,	45,	66
105,	18,	34,	77,	46,	66
//cave room1-2
105,	0,	5,	106,	28,	3
105,	0,	6,	106,	28,	4
105,	0,	7,	106,	28,	5
//back
106,	29,	3,	105,	1,	5
106,	29,	4,	105,	1,	6
106,	29,	5,	105,	1,	7
//cave room2-3
106,	1,	29,	107,	12,	1
106,	2,	29,	107,	13,	1
106,	3,	29,	107,	14,	1
106,	4,	29,	107,	15,	1
//back
107,	12,	0,	106,	1,	28
107,	13,	0,	106,	2,	28
107,	14,	0,	106,	3,	28
107,	15,	0,	106,	4,	28
//cave room3-4
107,	0,	3,	108,	38,	3
107,	0,	4,	108,	38,	4
107,	0,	5,	108,	38,	5
//back
108,	39,	3,	107,	1,	3
108,	39,	4,	107,	1,	4
108,	39,	5,	107,	1,	5
//cave room4-5
106,	19,	0,	109,	5,	18
106,	20,	0,	109,	6,	18
106,	21,	0,	109,	7,	18
//back
109,	5,	19,	106,	19,	1
109,	6,	19,	106,	20,	1
109,	7,	19,	106,	21,	1
//cave room5-6
109,	15,	0,	110,	8,	43
109,	16,	0,	110,	9,	43
109,	17,	0,	110,	10,	43
//back
110,	8,	44,	109,	15,	1
110,	9,	44,	109,	16,	1
110,	10,	44,	109,	17,	1

//To Poring cave
77,	53,	58,	119,	26,	25
//back
119,	26,	26,	77,	53,	59
//Poring cave rm1-2
119,	4,	2,	120,	11,	2
//back
120,	11,	3,	119,	4,	3
//Poring cave rm2-3
120,	3,	10,	121,	4,	27
//back
121,	4,	28,	120,	3,	11
//Poring cave rm3-4
121,	25,	4,	122,	14,	14
//back
122,	14,	15,	121,	25,	5
//Poring cave rm4-5
122,	13,	4,	123,	5,	25
//back
123,	5,	26,	122,	13,	3
//Poring cave rm4-5
123,	14,	13,	124,	18,	15
//back
124,	18,	16,	123,	14,	12
//Poring cave rm4-5
124,	2,	10,	125,	27,	23
//back
125,	27,	24,	124,	2,	9

//To Isla Cavern
82,	48,	16,	79,	27,	62
82,	49,	16,	79,	28,	62
82,	51,	16,	79,	34,	62
82,	52,	16,	79,	35,	62
//back
79,	27,	63,	82,	48,	17
79,	28,	63,	82,	49,	17
79,	34,	63,	82,	51,	17
79,	35,	63,	82,	52,	17

//Isla Cavern 1
79,	6,	48,	80,	50,	4
79,	7,	48,	80,	51,	4
//back
80,	50,	3,	79,	6,	47
80,	51,	3,	79,	7,	47

//Isla Cavern 2
79,	54,	44,	81,	8,	2
79,	55,	44,	81,	9,	2
//back
81,	8,	1,	79,	54,	43
81,	9,	1,	79,	55,	43


//To Ghost Valley
77,	65,	10,	78,	38,	49
77,	66,	10,	78,	39,	49
77,	67,	10,	78,	40,	49
77,	68,	10,	78,	41,	49
//back
78,	38,	50,	77,	65,	11
78,	39,	50,	77,	66,	11
78,	40,	50,	77,	67,	11
78,	41,	50,	77,	68,	11

//To Ghost Valley house 1-1
78,	6,	25,	90,	18,	23
78,	7,	25,	90,	19,	23
//back
90,	18,	24,	78,	6,	26
90,	19,	24,	78,	7,	26
//GV House room 2
90,	12,	3,	91,	8,	9
90,	13,	3,	91,	9,	9
//back
91,	8,	10,	90,	12,	4
91,	9,	10,	90,	13,	4
//GV House room 3
91,	5,	3,	92,	4,	16
91,	6,	3,	92,	5,	16
91,	11,	3,	92,	13,	16
91,	12,	3,	92,	14,	16
91,	17,	3,	92,	22,	16
91,	18,	3,	92,	23,	16
//back
92,	4,	17,	91,	5,	4
92,	5,	17,	91,	6,	4
92,	13,	17,	91,	11,	4
92,	14,	17,	91,	12,	4
92,	22,	17,	91,	17,	4
92,	23,	17,	91,	18,	4
//GV House room 4
91,	30,	15,	93,	5,	12
91,	31,	15,	93,	6,	12
//back
93,	5,	13,	91,	30,	16
93,	6,	13,	91,	31,	16
//GV House room 5
93,	34,	13,	94,	7,	14
93,	35,	13,	94,	8,	14
//back
94,	7,	15,	93,	34,	14
94,	8,	15,	93,	35,	14

//To Ghost Valley house 2-1
78,	48,	26,	95,	9,	31
78,	49,	26,	95,	10,	31
//back
95,	9,	32,	78,	48,	27
95,	10,	32,	78,	49,	27
//To Ghost Valley house 2-2
95,	17,	6,	96,	17,	13
95,	18,	6,	96,	18,	13
//back
96,	17,	14,	95,	17,	7
96,	18,	14,	95,	18,	7
//To Ghost Valley house 2-3
95,	6,	3,	97,	2,	10
95,	7,	3,	97,	3,	10
//back
97,	2,	11,	95,	6,	4
97,	3,	11,	95,	7,	4
//To Ghost Valley house 2-4/5
97,	10,	27,	98,	4,	20
97,	11,	27,	98,	5,	20
97,	14,	39,	98,	15,	32
97,	15,	39,	98,	16,	32
//back
98,	4,	21,	97,	10,	28
98,	5,	21,	97,	11,	28
98,	15,	33,	97,	14,	40
98,	16,	33,	97,	15,	40
//To Ghost Valley house 2-5
97,	2,	36,	100,	13,	15
97,	3,	36,	100,	14,	15
//back
100,	13,	16,	97,	2,	37
100,	14,	16,	97,	3,	37
//To Ghost Valley house 2-6
100,	4,	3,	99,	5,	18
100,	5,	3,	99,	6,	18
//back
99,	5,	19,	100,	4,	4
99,	6,	19,	100,	5,	4

//Siege Map
7101,	7,	14,	7100,	34,	8
7101,	8,	14,	7100,	34,	8
7101,	9,	14,	7100,	34,	8
//Siege Map
7102,	7,	0,	7100,	5,	23
7102,	8,	0,	7100,	5,	23
7102,	9,	0,	7100,	5,	23


//hangemcutter
//han
15,	80,	84,	515,	8,	12
15,	81,	84,	515,	9,	12
//exit
515,	8,	13,	15,	80,	85
515,	9,	13,	15,	81,	85
//Blue and Purple cave / stone dolls cave
37,	28,	62,	526,	14,	25
37,	29,	62,	526,	15,	25
//exit
526,	14,	26,	37,	28,	63
526,	15,	26,	37,	29,	63
526,	17,	26,	37,	29,	63
526,	14,	26,	37,	28,	63
//galeswept graves
526,	16,	1,	527,	8,	32
526,	17,	1,	527,	9,	32
526,	18,	1,	527,	10,	32
527,	8,	33,	526,	16,	2
527,	9,	33,	526,	17,	2
527,	10,	33,	526,	18,	2
//to nr
527,	7,	0,	528,	4,	18
527,	8,	0,	528,	5,	18
527,	9,	0,	528,	6,	18
527,	10,	0,	528,	7,	18
//to br
528,	4,	19,	527,	7,	1
528,	5,	19,	527,	8,	1
528,	6,	19,	527,	9,	1
528,	7,	19,	527,	10,	1
//purple walls part
530,	11,	14,	529,	11,	5
530,	12,	14,	529,	12,	5
//to br
529,	11,	4,	530,	11,	13
529,	12,	4,	530,	12,	13
//purple walls part
529,	11,	54,	528,	24,	7
529,	12,	54,	528,	25,	7
//to br
528,	24,	6,	529,	11,	53
528,	25,	6,	529,	12,	53

//Sewer / Well cave
572,	11,	24,	575,	11,	2
572,	12,	24,	575,	12,	2
572,	13,	24,	575,	13,	2
//Heart of the Well
577,	7,	14,	574,	11,	2
577,	8,	14,	574,	12,	2
577,	9,	14,	574,	13,	2
//Eroding Earth
578,	11,	24,	576,	11,	2
578,	12,	24,	576,	12,	2
578,	13,	24,	576,	13,	2
//Cramped Cavehole
575,	24,	10,	574,	1,	10
575,	24,	11,	574,	1,	11
575,	24,	12,	574,	1,	12
575,	24,	13,	574,	1,	13
575,	11,	1,	572,	11,	23
575,	12,	1,	572,	12,	23
575,	13,	1,	572,	13,	23
//Damp Passageways
574,	11,	24,	573,	7,	2
574,	12,	24,	573,	8,	2
574,	13,	24,	573,	9,	2
574,	24,	10,	576,	1,	10
574,	24,	11,	576,	1,	11
574,	24,	12,	576,	1,	12
574,	24,	13,	576,	1,	13
574,	0,	10,	575,	23,	10
574,	0,	11,	575,	23,	11
574,	0,	12,	575,	23,	12
574,	0,	13,	575,	23,	13
574,	11,	0,	577,	7,	13
574,	12,	0,	577,	8,	13
574,	13,	0,	577,	9,	13
//dont want to be pushed back574,	12,	7,	574,	12,	10
//Muddied Path
576,	0,	10,	574,	23,	10
576,	0,	11,	574,	23,	11
576,	0,	12,	574,	23,	12
576,	0,	13,	574,	23,	13
576,	11,	1,	578,	11,	23
576,	12,	1,	578,	12,	23
576,	13,	1,	578,	13,	23
//Bottom of the Well
573,	7,	1,	574,	11,	23
573,	8,	1,	574,	12,	23
573,	9,	1,	574,	13,	23
573,	12,	5,	15,		9,	60
15,		9,	61,	573,	12,	6

//The Sinking Maiden
//The Ship -> Rotting Floor Panels
131,	80,	18,	138,	55,	10	
131,	80,	19,	138,	55,	17
//To head back to The Ship, Go:
138,	56,	9,	131,	81,	18
138,	56,	10,	131,	81,	18
138,	56,	17,	131,	81,	19
138,	56,	18,	131,	81,	19
//Rotting Floor Panels -> Upper Living Quarters
138,	0,	7,	139,	58,	6
138,	0,	8,	139,	58,	7
138,	0,	9,	139,	58,	8
//To Head back to Rotting Floor Panels, Go:
139,	59,	6,	138,	1,	7
139,	59,	7,	138,	1,	8
139,	59,	8,	138,	1,	9
//Upper Living Quatters -> Lower Living Quarters
139,	24,	15,	140,	4,	9
139,	24,	16,	140,	4,	10
//To head back to Upper Living Quarters, go:
140,	3,	9,	139,	23,	15
140,	3,	10,	139,	23,	16
//To head to Dusty storage, go:
140,	34,	5,	141,	1,	6
140,	34,	6,	141,	1,	7
140,	34,	7,	141,	1,	8
140,	34,	8,	141,	1,	9
//To head back to Lower Living quarters, go:
141,	0,	6,	140,	33,	5,
141,	0,	7,	140,	33,	6,
141,	0,	8,	140,	33,	7,
141,	0,	9,	140,	33,	8,
//Lower Living Quarters -> Into The Deep
140,	25,	6,	142,	4,	6
140,	25,	7,	142,	4,	6
140,	25,	8,	142,	4,	7
//to head back to Lower Living Quarters, Go:
142,	3,	6,	140,	24,	7	
142,	3,	7,	140,	24,	8
//Upper Living Quarters -> Deteriorating Cells
139,	6,	19,	143,	6,	1,
139,	7,	19,	143,	7,	1,
139,	8,	19,	143,	8,	1,
139,	9,	19,	143,	9,	1,
139,	10,	19,	143,	10,	1,
//To head back to Deteriorating Cells, Go:
143,	6,	0,	139,	6,	18
143,	7,	0,	139,	7,	18
143,	8,	0,	139,	8,	18
143,	9,	0,	139,	9,	18
143,	10,	0,	139,	10,	18
//Deteriorating Cells -> Decaying Kitchen
143,	28,	31,	144,	29,	1
143,	29,	31,	144,	30,	1
//to head back to Deteriorating Cells, go:
144,	29,	0,	143,	28,	30
144,	30,	0,	143,	29,	30
//Deteriorating Cells -> Macabre Pit
143,	33,	12,	145,	1,	12
143,	33,	13,	145,	1,	13
143,	33,	14,	145,	1,	14
143,	33,	15,	145,	1,	15
143,	33,	16,	145,	1,	16
143,	33,	17,	145,	1,	17
143,	33,	18,	145,	1,	18
143,	33,	19,	145,	1,	19
143,	33,	20,	145,	1,	20
143,	33,	21,	145,	1,	21
143,	33,	22,	145,	1,	22
//to head back to Deteriorating Cells, go:
145,	0,	12,	143,	32,	12
145,	0,	13,	143,	32,	13
145,	0,	14,	143,	32,	14
145,	0,	15,	143,	32,	15
145,	0,	16,	143,	32,	16
145,	0,	17,	143,	32,	17
145,	0,	18,	143,	32,	18
145,	0,	19,	143,	32,	19
145,	0,	20,	143,	32,	20
145,	0,	21,	143,	32,	21
145,	0,	22,	143,	32,	22
//Macabre Pit -> Captain's Quarters
145,	49,	10,	158,	1,	9
145,	49,	11,	158,	1,	10
145,	49,	12,	158,	1,	11
145,	49,	13,	158,	1,	12
145,	49,	14,	158,	1,	13
//to head back to Macabre Pit, go:
158,	0,	9,	145,	48,	10
158,	0,	10,	145,	48,	11
158,	0,	11,	145,	48,	12
158,	0,	12,	145,	48,	13
158,	0,	13,	145,	48,	14

//Underwater Caverns
//Into The Deep -> Emerald Expanse
142,	24,	4,	146,	11,	38
142,	25,	4,	146,	12,	38
142,	26,	4,	146,	13,	38
142,	27,	4,	146,	14,	38
142,	28,	4,	146,	15,	38
142,	29,	4,	146,	16,	38
//To head back to Into The Deep, Go:
146,	11,	39,	142,	24,	5
146,	12,	39,	142,	25,	5
146,	13,	39,	142,	26,	5
146,	14,	39,	142,	27,	5
146,	15,	39,	142,	28,	5
146,	16,	39,	142,	29,	5
//Emerald Expanse -> Amethyst Hollow
146,	20,	6,	147,	2,	26
146,	21,	6,	147,	2,	26
146,	22,	6,	147,	2,	26
146,	23,	6,	147,	3,	26
146,	24,	6,	147,	3,	26
146,	25,	6,	147,	3,	26
//to head back to Emerald Expanse, go:
147,	2,	27,	146,	22,	7
147,	3,	27,	146,	23,	8
//Amethyst Hollow -> Turquoise Alcove
147,	29,	21,	148,	1,	33
147,	29,	22,	148,	1,	34
147,	29,	23,	148,	1,	35
147,	29,	24,	148,	1,	36
//To head back to Amethyst Hollow, Go:
148,	0,	33,	147,	28,	21
148,	0,	34,	147,	28,	22
148,	0,	35,	147,	28,	23
148,	0,	36,	147,	28,	24
//Turquoise Alcove -> Ruby Flats
148,	26,	0,	149,	14,	37
148,	27,	0,	149,	14,	37
148,	28,	0,	149,	15,	37
148,	29,	0,	149,	15,	37
//To head back to Turquoise Alcove, Go:
149,	14,	38,	148,	27,	1
149,	15,	38,	148,	28,	1
//Ruby Flats -> Sapphire Garden
149,	13,	9,	150,	16,	38
149,	14,	9,	150,	17,	38
//To head back to Ruby Flats, Go:
150,	16,	39,	149,	13,	10
150,	17,	39,	149,	14,	10
//Sapphire Garden -> Squishy's Grotto
150,	16,	3,	151,	12,	28
150,	17,	3,	151,	13,	28
150,	18,	3,	151,	14,	28
//To head back to Sapphire Garden, Go:
151,	12,	29,	150,	16,	4
151,	13,	29,	150,	17,	4
151,	14,	29,	150,	18,	4

//Kingdom Wall
//Imperial City of Han -> North Kingdom Wall
15,	76,	12,	152,	7,	23
15,	77,	12,	152,	8,	23
15,	78,	12,	152,	9,	23
15,	79,	12,	152,	10,	23
15,	80,	12,	152,	11,	23
15,	81,	12,	152,	12,	23
15,	82,	12,	152,	13,	23
15,	83,	12,	152,	14,	23
15,	84,	12,	152,	15,	23
15,	85,	12,	152,	16,	23
//To head back to Imperial City of Han, Go:
152,	7,	24,	15,	76,	13
152,	8,	24,	15,	77,	13
152,	9,	24,	15,	78,	13
152,	10,	24,	15,	79,	13
152,	11,	24,	15,	80,	13
152,	12,	24,	15,	81,	13
152,	13,	24,	15,	82,	13
152,	14,	24,	15,	83,	13
152,	15,	24,	15,	84,	13
152,	16,	24,	15,	85,	13
//To Hop up on the Kingdom Wall, Go:
152,	16,	17,	152,	16,	11
//To head back down the ladder, Go:
152,	16,	12,	152,	16,	18
//North Kingdom Wall -> Crumbling defenses
152,	26,	3,	153,	1,	4
152,	26,	4,	153,	1,	4
152,	26,	5,	153,	1,	5
152,	26,	6,	153,	1,	6
152,	26,	7,	153,	1,	7
152,	26,	8,	153,	1,	8
152,	26,	9,	153,	1,	9
152,	26,	10,	153,	1,	10
152,	26,	11,	153,	1,	11
152,	26,	12,	153,	1,	12
//To head back to North Kingdom Wall, Go:
153,	0,	4,	152,	25,	4
153,	0,	5,	152,	25,	5
153,	0,	6,	152,	25,	6
153,	0,	7,	152,	25,	7
153,	0,	8,	152,	25,	8
153,	0,	9,	152,	25,	9
153,	0,	10,	152,	25,	10
153,	0,	11,	152,	25,	11
153,	0,	12,	152,	25,	12
//Crumbling Defenses -> Beyond The wall
153,	34,	4,	155,	1,	5
153,	34,	5,	155,	1,	5
153,	34,	6,	155,	1,	6
153,	34,	7,	155,	1,	7
153,	34,	8,	155,	1,	8
153,	34,	9,	155,	1,	9
153,	34,	10,	155,	1,	10
153,	34,	11,	155,	1,	11
153,	34,	12,	155,	1,	11
//To head back to Crumbling Defenses, Go:
155,	0,	5,	153,	33,	5
155,	0,	6,	153,	33,	6
155,	0,	7,	153,	33,	7
155,	0,	8,	153,	33,	8
155,	0,	9,	153,	33,	9
155,	0,	10,	153,	33,	10
155,	0,	11,	153,	33,	11
//Beyond The Wall -> Hobgoblin Hollow
155,	26,	7,	154,	4,	3
155,	27,	7,	154,	4,	3
155,	28,	7,	154,	4,	3
155,	26,	8,	154,	4,	4
155,	27,	8,	154,	4,	4
155,	28,	8,	154,	4,	4
//To head back to Beyond The Wall, Go:
154,	3,	3,	155,	25,	7
154,	3,	4,	155,	25,	8
//Hobgoblin Hollow -> Hobgoblin Hideout
154,	2,	12,	156,	6,	18
154,	3,	12,	156,	6,	18
154,	4,	12,	156,	6,	18
154,	2,	13,	156,	6,	18
154,	3,	13,	156,	6,	18
154,	4,	13,	156,	6,	18
//To head back to Hobgoblin Hollow, Go:
156,	7,	18,	154,	5,	13
//Hobgoblin Hideout -> Hobgoblin Habitat
156,	14,	10,	157,	3,	4
//To head back to Hobgoblin Hideout, Go:
157,	2,	4,	156,	13,	10

//Lost Library
// The Golden Gateway Map 1 Start
// The Golden Gateway Map 1 Start
500, 10, 0, 501, 10, 48
500, 11, 0, 501, 11, 48
500, 12, 0, 501, 12, 48
500, 13, 0, 501, 13, 48
500, 14, 0, 501, 14, 48
// Naro Moor Map 2 Start
501, 10, 49, 500, 10, 1
501, 11, 49, 500, 11, 1
501, 12, 49, 500, 12, 1
501, 13, 49, 500, 13, 1
501, 14, 49, 500, 14, 1

// Naro Moor Map 1 Start
501, 20, 0, 502, 11, 68
501, 21, 0, 502, 12, 68
501, 22, 0, 502, 13, 68
501, 23, 0, 502, 14, 68
501, 24, 0, 502, 15, 68
// Naro Moor Map 2 Start
502, 11, 69, 501, 20, 1
502, 12, 69, 501, 21, 1
502, 13, 69, 501, 22, 1
502, 14, 69, 501, 23, 1
502, 15, 69, 501, 24, 1
// Naro Moor Map 1 Start
502, 26, 4, 503, 1, 32
502, 26, 5, 503, 1, 33
502, 26, 6, 503, 1, 34
502, 26, 7, 503, 1, 35
502, 26, 8, 503, 1, 36
// The Lost Library Map 2 Start
503, 0, 32, 502, 25, 4
503, 0, 33, 502, 25, 5
503, 0, 34, 502, 25, 6
503, 0, 35, 502, 25, 7
503, 0, 36, 502, 25, 8
// The Lost Library Map 1 Start
503, 10, 9, 504, 11, 33
503, 11, 9, 504, 12, 33
503, 12, 9, 504, 13, 33
// The Lost Library Map 2 Start
504, 11, 34, 503, 10, 10
504, 12, 34, 503, 11, 10
504, 13, 34, 503, 12, 10
// The Lost Library Map 1 Start
504, 0, 17, 505, 21, 7
504, 0, 18, 505, 21, 8
504, 0, 19, 505, 21, 9
504, 0, 20, 505, 21, 10
504, 0, 21, 505, 21, 11
// The Lost Library Map 2 Start
505, 22, 7, 504, 1, 17
505, 22, 8, 504, 1, 18
505, 22, 9, 504, 1, 19
505, 22, 10, 504, 1, 20
505, 22, 11, 504, 1, 21
// The Lost Library Map 1 Start
505, 8, 0, 506, 9, 35
505, 9, 0, 506, 10, 35
505, 10, 0, 506, 11, 35
505, 11, 0, 506, 12, 35
505, 12, 0, 506, 13, 35
// The Lost Library Map 2 Start
506, 9, 36, 505, 8, 1
506, 10, 36, 505, 9, 1
506, 11, 36, 505, 10, 1
506, 12, 36, 505, 11, 1
506, 13, 36, 505, 12, 1
// The Lost Library Map 1 Start
506, 9, 0, 507, 8, 16
506, 10, 0, 507, 9, 16
506, 11, 0, 507, 10, 16
506, 12, 0, 507, 11, 16
506, 13, 0, 507, 12, 16
// The Lost Library Map 2 Start
507, 8, 17, 506, 9, 1
507, 9, 17, 506, 10, 1
507, 10, 17, 506, 11, 1
507, 11, 17, 506, 12, 1
507, 12, 17, 506, 13, 1
// The Lost Library Map 1 Start
507, 22, 7, 508, 1, 8
507, 22, 8, 508, 1, 9
507, 22, 9, 508, 1, 10
507, 22, 10, 508, 1, 11
507, 22, 11, 508, 1, 12
// The Lost Library Map 2 Start
508, 0, 8, 507, 21, 7
508, 0, 9, 507, 21, 8
508, 0, 10, 507, 21, 9
508, 0, 11, 507, 21, 10
508, 0, 12, 507, 21, 11
// The Lost Library Map 1 Start
509, 0, 7, 504, 23, 17
509, 0, 8, 504, 23, 18
509, 0, 9, 504, 23, 19
509, 0, 10, 504, 23, 20
509, 0, 11, 504, 23, 21
// The Lost Library Map 2 Start
504, 24, 17, 509, 1, 7
504, 24, 18, 509, 1, 8
504, 24, 19, 509, 1, 9
504, 24, 20, 509, 1, 10
504, 24, 21, 509, 1, 11
// The Lost Library Map 1 Start
509, 10, 0, 510, 9, 35
509, 11, 0, 510, 10, 35
509, 12, 0, 510, 11, 35
509, 13, 0, 510, 12, 35
509, 14, 0, 510, 13, 35
// The Lost Library Map 2 Start
510, 9, 36, 509, 10, 1
510, 10, 36, 509, 11, 1
510, 11, 36, 509, 12, 1
510, 12, 36, 509, 13, 1
510, 13, 36, 509, 14, 1
// The Lost Library Map 1 Start
510, 9, 0, 511, 8, 16
510, 10, 0, 511, 9, 16
510, 11, 0, 511, 10, 16
510, 12, 0, 511, 11, 16
510, 13, 0, 511, 12, 16
// The Lost Library Map 2 Start
511, 8, 17, 510, 9, 1
511, 9, 17, 510, 10, 1
511, 10, 17, 510, 11, 1
511, 11, 17, 510, 12, 1
511, 12, 17, 510, 13, 1
// The Lost Library Map 1 Start
511, 0, 7, 508, 31, 8
511, 0, 8, 508, 31, 9
511, 0, 9, 508, 31, 10
511, 0, 10, 508, 31, 11
511, 0, 11, 508, 31, 12
// The Lost Library Map 2 Start
508, 32, 8, 511, 1, 7
508, 32, 9, 511, 1, 8
508, 32, 10, 511, 1, 9
508, 32, 11, 511, 1, 10
508, 32, 12, 511, 1, 11
// The Lost Library Map 1 Start
508, 14, 17, 512, 11, 4
508, 15, 17, 512, 12, 4
508, 16, 17, 512, 13, 4
508, 17, 17, 512, 14, 4
508, 18, 17, 512, 15, 4
// The Lost Library Map 2 Start
512, 11, 3, 508, 14, 16
512, 12, 3, 508, 15, 16
512, 13, 3, 508, 16, 16
512, 14, 3, 508, 17, 16
512, 15, 3, 508, 18, 16

// The Lost Library Map 1 Start
512, 13, 22, 513, 17, 1
// The Lost Library Map 2 Start
513, 17, 0, 512, 13, 21
513, 16, 0, 512, 13, 21
513, 18, 0, 512, 13, 21

// Yi Bok Yen Village Map 1 Start
173, 7, 24, 267, 7, 12
173, 8, 24, 267, 8, 12
// Yi Bok Yen Study Map 2 Start
267, 7, 13, 173, 7, 25
267, 8, 13, 173, 8, 25
// Yi Bok Yen Village Map 1 Start
173, 21, 31, 268, 8, 12
173, 22, 31, 268, 9, 12
// Yi Bok Yen Smith Map 2 Start
268, 8, 13, 173, 21, 32
268, 9, 13, 173, 22, 32
// Yi Bok Yen Village Map 1 Start
173, 3, 32, 269, 5, 12
173, 4, 32, 269, 6, 12
// Yi Bok Yen Shaman Map 2 Start
269, 5, 13, 173, 3, 33
269, 6, 13, 173, 4, 33
// Yi Bok Yen Village Map 1 Start
173, 60, 44, 271, 9, 22
173, 61, 44, 271, 10, 22
// White Bamboo Temple Map 2 Start
271, 9, 23, 173, 60, 45
271, 10, 23, 173, 61, 45
// Yi Bok Yen Village Map 1 Start
173, 25, 25, 270, 8, 12
173, 26, 25, 270, 9, 12
// Yi Bok Yen Tailor Map 2 Start
270, 8, 13, 173, 25, 26
270, 9, 13, 173, 26, 26

// Ancient Tombs
// Jungle Temple Map 1 Start
518, 2, 34, 272, 2, 1
518, 3, 34, 272, 3, 1
518, 4, 34, 272, 4, 1
518, 5, 34, 272, 5, 1
518, 6, 34, 272, 6, 1
// Savage Shoreline Map 2 Start
272, 2, 0, 518, 2, 33
272, 3, 0, 518, 3, 33
272, 4, 0, 518, 4, 33
272, 5, 0, 518, 5, 33
272, 6, 0, 518, 6, 33


// Jungle Temple Map 1 Start
518, 76, 0, 519, 84, 28
518, 77, 0, 519, 85, 28
518, 78, 0, 519, 86, 28
518, 79, 0, 519, 87, 28
518, 80, 0, 519, 88, 28
518, 81, 0, 519, 89, 28
518, 82, 0, 519, 90, 28
// Archaic Ruins Map 2 Start
519, 84, 29, 518, 76, 1
519, 85, 29, 518, 77, 1
519, 86, 29, 518, 78, 1
519, 87, 29, 518, 79, 1
519, 88, 29, 518, 80, 1
519, 89, 29, 518, 81, 1
519, 90, 29, 518, 82, 1

// Archaic Ruins Map 1 Start
519, 87, 24, 520, 31, 32
519, 88, 24, 520, 32, 32
// Crumbling Collonade Map 2 Start
520, 31, 33, 519, 87, 25
520, 32, 33, 519, 88, 25

// Crumbling Collonade Map 1 Start
520, 36, 18, 521, 26, 27
520, 37, 18, 521, 27, 27
// Overgrown Courtyard Map 2 Start
521, 26, 28, 520, 36, 19
521, 27, 28, 520, 37, 19
// Crumbling Collonade Map 1 Start
520, 6, 38, 522, 8, 4
520, 7, 38, 522, 9, 4
// Abandoned Storage Map 2 Start
522, 8, 3, 520, 6, 37
522, 9, 3, 520, 7, 37
// Crumbling Collonade Map 1 Start
520, 3, 0, 523, 24, 38
520, 4, 0, 523, 25, 38
520, 5, 0, 523, 26, 38
520, 6, 0, 523, 27, 38
520, 7, 0, 523, 28, 38
520, 8, 0, 523, 29, 38
520, 9, 0, 523, 30, 38
520, 10, 0, 523, 31, 38
// Unremembered Corridor Map 2 Start
523, 24, 39, 520, 3, 1
523, 25, 39, 520, 4, 1
523, 26, 39, 520, 5, 1
523, 27, 39, 520, 6, 1
523, 28, 39, 520, 7, 1
523, 29, 39, 520, 8, 1
523, 30, 39, 520, 9, 1
523, 31, 39, 520, 10, 1
// Archaic Ruins Map 1 Start
519, 71, 13, 523, 5, 28
519, 72, 13, 523, 6, 28
// Unremembered Corridor Map 2 Start
523, 5, 29, 519, 71, 14
523, 6, 29, 519, 72, 14
// Archaic Ruins Map 1 Start
519, 2, 29, 524, 7, 1
519, 3, 29, 524, 8, 1
519, 4, 29, 524, 9, 1
519, 5, 29, 524, 10, 1
519, 6, 29, 524, 11, 1
// Damp Foliage Map 2 Start
524, 7, 0, 519, 2, 28
524, 8, 0, 519, 3, 28
524, 9, 0, 519, 4, 28
524, 10, 0, 519, 5, 28
524, 11, 0, 519, 6, 28
// Damp Foliage Map 1 Start
524, 21, 13, 518, 1, 10
524, 21, 14, 518, 1, 11
524, 21, 15, 518, 1, 12
524, 21, 16, 518, 1, 13
// Jungle Temple Map 2 Start
518, 0, 10, 524, 20, 13
518, 0, 11, 524, 20, 14
518, 0, 12, 524, 20, 15
518, 0, 13, 524, 20, 16
// Jungle Temple Map 1 Start
518, 5, 8, 525, 7, 13
518, 5, 8, 525, 8, 13
518, 6, 8, 525, 9, 13
518, 6, 8, 525, 10, 13
// Elderly Man's Home Map 2 Start
525, 7, 14, 518, 5, 9
525, 8, 14, 518, 5, 9
525, 9, 14, 518, 6, 9
525, 10, 14, 518, 6, 9
// Within the Gorge Map 1 Start
532, 4, 5, 518, 26, 10
532, 4, 6, 518, 26, 11
532, 4, 7, 518, 26, 12
532, 4, 8, 518, 26, 13
